3101.0
3101.0
3101.0
3100.0
3100.0
3100.0
3101.0
3101.0
3101.0
3102.0
3102.0
3102.0
3102.0
3102.0
3102.0
3101.0
3101.0
3101.0
3103.0
3103.0
3103.0
3103.0
3103.0
3103.0
3102.0
3102.0
3102.0
3102.0
3102.0
3102.0
3101.0
3101.0
3101.0
3101.0
3101.0
3101.0
3099.0
3099.0
3099.0
3104.0
3104.0
3104.0
3103.0
3103.0
3103.0
3102.0
3102.0
3102.0
3102.0
3102.0
3102.0
3102.0
3102.0
3102.0
3101.0
3101.0
3101.0
3100.0
3100.0
3100.0
3103.0
3103.0
3103.0
3102.0
3102.0
3102.0
3099.0
3099.0
3099.0
3099.0
3099.0
3099.0
3100.0
3100.0
3100.0
3101.0
3101.0
3101.0
3100.0
3100.0
3100.0
3100.0
3100.0
3100.0
3099.0
3099.0
3099.0
3098.0
3098.0
3098.0
3102.0
3102.0
3102.0
3101.0
3101.0
3101.0
3099.0
3099.0
3099.0
3099.0
3099.0
3099.0
3099.0
3099.0
3099.0
3099.0
3099.0
3099.0
3099.0
3099.0
3099.0
3103.0
3103.0
3103.0
3102.0
3102.0
3102.0
3104.0
3104.0
3104.0
3100.0
3100.0
3100.0
3103.0
3103.0
3103.0
3102.0
3102.0
3102.0
3099.0
3099.0
3099.0
3102.0
3102.0
3102.0
3100.0
3100.0
3100.0
3102.0
3102.0
3102.0
3103.0
3103.0
3103.0
3098.0
3098.0
3098.0
3105.0
3105.0
3105.0
3100.0
3100.0
3100.0
3102.0
3102.0
3102.0
3102.0
3102.0
3102.0
3102.0
3102.0
3102.0
3103.0
3103.0
3103.0
3101.0
3101.0
3101.0
3101.0
3101.0
3101.0
3097.0
3097.0
3097.0
3100.0
3100.0
3100.0
3104.0
3104.0
3104.0
3101.0
3101.0
3101.0
3101.0
3101.0
3101.0
3100.0
3100.0
3100.0
3099.0
3099.0
3099.0
3103.0
3103.0
3103.0
3101.0
3101.0
3101.0
3108.0
3108.0
3108.0
3101.0
3101.0
3101.0
3101.0
3101.0
3101.0
3102.0
3102.0
3102.0
3100.0
3100.0
3100.0
3100.0
3100.0
3100.0
3102.0
3102.0
3102.0
3101.0
3101.0
3101.0
3100.0
3100.0
3100.0
3103.0
3103.0
3103.0
3100.0
3100.0
3100.0
3103.0
3103.0
3103.0
3102.0
3102.0
3102.0
3104.0
3104.0
3104.0
3106.0
3106.0
3106.0
3101.0
3101.0
3101.0
3104.0
3104.0
3104.0
3100.0
3100.0
3100.0
3102.0
3102.0
3102.0