796.0
796.0
796.0
800.0
800.0
800.0
799.0
799.0
799.0
801.0
801.0
801.0
801.0
801.0
801.0
797.0
797.0
797.0
800.0
800.0
800.0
801.0
801.0
801.0
801.0
801.0
801.0
800.0
800.0
800.0
800.0
800.0
800.0
800.0
800.0
800.0
800.0
800.0
800.0
797.0
797.0
797.0
801.0
801.0
801.0
799.0
799.0
799.0
802.0
802.0
802.0
809.0
809.0
809.0
801.0
801.0
801.0
802.0
802.0
802.0
804.0
804.0
804.0
805.0
805.0
805.0
807.0
807.0
807.0
805.0
805.0
805.0
811.0
811.0
811.0
811.0
811.0
811.0
809.0
809.0
809.0
808.0
808.0
808.0
812.0
812.0
812.0
807.0
807.0
807.0
811.0
811.0
811.0
813.0
813.0
813.0
806.0
806.0
806.0
806.0
806.0
806.0
804.0
804.0
804.0
808.0
808.0
808.0
808.0
808.0
808.0
804.0
804.0
804.0
804.0
804.0
804.0
807.0
807.0
807.0
807.0
807.0
807.0
806.0
806.0
806.0
810.0
810.0
810.0
811.0
811.0
811.0
811.0
811.0
811.0
808.0
808.0
808.0
808.0
808.0
808.0
808.0
808.0
808.0
811.0
811.0
811.0
812.0
812.0
812.0
810.0
810.0
810.0
811.0
811.0
811.0
812.0
812.0
812.0
810.0
810.0
810.0
809.0
809.0
809.0
805.0
805.0
805.0
805.0
805.0
805.0
810.0
810.0
810.0
807.0
807.0
807.0
807.0
807.0
807.0
807.0
807.0
807.0
808.0
808.0
808.0
809.0
809.0
809.0
809.0
809.0
809.0
805.0
805.0
805.0
805.0
805.0
805.0