193.0
193.0
193.0
195.0
195.0
195.0
194.0
194.0
194.0
191.0
191.0
191.0
186.0
186.0
186.0
189.0
189.0
189.0
180.0
180.0
180.0
198.0
198.0
198.0
180.0
180.0
180.0
192.0
192.0
192.0
182.0
182.0
182.0
193.0
193.0
193.0
193.0
193.0
193.0
181.0
181.0
181.0
181.0
181.0
181.0
188.0
188.0
188.0
184.0
184.0
184.0
191.0
191.0
191.0
194.0
194.0
194.0
191.0
191.0
191.0
190.0
190.0
190.0
191.0
191.0
191.0
192.0
192.0
192.0
191.0
191.0
191.0
181.0
181.0
181.0
181.0
181.0
181.0
181.0
181.0
181.0
180.0
180.0
180.0
180.0
180.0
180.0
195.0
195.0
195.0
180.0
180.0
180.0
191.0
191.0
191.0
181.0
181.0
181.0
193.0
193.0
193.0
193.0
193.0
193.0
193.0
193.0
193.0
182.0
182.0
182.0
181.0
181.0
181.0
191.0
191.0
191.0
187.0
187.0
187.0
195.0
195.0
195.0
180.0
180.0
180.0
189.0
189.0
189.0
186.0
186.0
186.0
185.0
185.0
185.0
194.0
194.0
194.0
195.0
195.0
195.0
183.0
183.0
183.0
182.0
182.0
182.0
181.0
181.0
181.0
184.0
184.0
184.0
180.0
180.0
180.0
181.0
181.0
181.0
180.0
180.0
180.0