88.0
88.0
88.0
87.0
87.0
87.0
85.0
85.0
85.0
91.0
91.0
91.0
91.0
91.0
91.0
80.0
80.0
80.0
94.0
94.0
94.0
81.0
81.0
81.0
94.0
94.0
94.0
90.0
90.0
90.0
90.0
90.0
90.0
84.0
84.0
84.0
95.0
95.0
95.0
79.0
79.0
79.0
86.0
86.0
86.0
86.0
86.0
86.0
94.0
94.0
94.0
96.0
96.0
96.0
93.0
93.0
93.0
93.0
93.0
93.0
81.0
81.0
81.0
94.0
94.0
94.0
83.0
83.0
83.0
89.0
89.0
89.0
95.0
95.0
95.0
94.0
94.0
94.0
79.0
79.0
79.0
88.0
88.0
88.0
85.0
85.0
85.0
90.0
90.0
90.0
93.0
93.0
93.0
92.0
92.0
92.0
83.0
83.0
83.0
81.0
81.0
81.0
82.0
82.0
82.0
83.0
83.0
83.0
90.0
90.0
90.0
84.0
84.0
84.0
95.0
95.0
95.0
86.0
86.0
86.0
84.0
84.0
84.0
94.0
94.0
94.0
79.0
79.0
79.0
79.0
79.0
79.0
83.0
83.0
83.0
92.0
92.0
92.0
92.0
92.0
92.0
81.0
81.0
81.0
80.0
80.0
80.0
91.0
91.0
91.0
84.0
84.0
84.0
93.0
93.0
93.0