365.0
365.0
365.0
362.0
362.0
362.0
363.0
363.0
363.0
362.0
362.0
362.0
366.0
366.0
366.0
366.0
366.0
366.0
370.0
370.0
370.0
365.0
365.0
365.0
361.0
361.0
361.0
361.0
361.0
361.0
362.0
362.0
362.0
362.0
362.0
362.0
365.0
365.0
365.0
364.0
364.0
364.0
361.0
361.0
361.0
361.0
361.0
361.0
365.0
365.0
365.0
367.0
367.0
367.0
355.0
355.0
355.0
363.0
363.0
363.0
365.0
365.0
365.0
361.0
361.0
361.0
363.0
363.0
363.0
361.0
361.0
361.0
361.0
361.0
361.0
360.0
360.0
360.0
361.0
361.0
361.0
361.0
361.0
361.0
362.0
362.0
362.0
361.0
361.0
361.0
363.0
363.0
363.0
361.0
361.0
361.0
363.0
363.0
363.0
361.0
361.0
361.0
357.0
357.0
357.0
360.0
360.0
360.0
362.0
362.0
362.0
372.0
372.0
372.0
363.0
363.0
363.0
360.0
360.0
360.0
364.0
364.0
364.0
360.0
360.0
360.0
363.0
363.0
363.0
364.0
364.0
364.0
361.0
361.0
361.0
362.0
362.0
362.0
360.0
360.0
360.0
362.0
362.0
362.0
363.0
363.0
363.0
360.0
360.0
360.0
363.0
363.0
363.0
362.0
362.0
362.0
362.0
362.0
362.0
360.0
360.0
360.0
361.0
361.0
361.0
363.0
363.0
363.0
359.0
359.0
359.0