49.0
49.0
49.0
51.0
51.0
51.0
38.0
38.0
38.0
51.0
51.0
51.0
39.0
39.0
39.0
37.0
37.0
37.0
52.0
52.0
52.0
45.0
45.0
45.0
43.0
43.0
43.0
45.0
45.0
45.0
37.0
37.0
37.0
43.0
43.0
43.0
41.0
41.0
41.0
38.0
38.0
38.0
39.0
39.0
39.0
38.0
38.0
38.0
50.0
50.0
50.0
51.0
51.0
51.0
41.0
41.0
41.0
46.0
46.0
46.0
46.0
46.0
46.0
51.0
51.0
51.0
44.0
44.0
44.0
46.0
46.0
46.0
52.0
52.0
52.0
37.0
37.0
37.0
50.0
50.0
50.0
40.0
40.0
40.0
50.0
50.0
50.0
51.0
51.0
51.0
50.0
50.0
50.0
52.0
52.0
52.0
52.0
52.0
52.0
43.0
43.0
43.0
44.0
44.0
44.0
37.0
37.0
37.0
38.0
38.0
38.0
48.0
48.0
48.0
48.0
48.0
48.0
50.0
50.0
50.0
49.0
49.0
49.0
52.0
52.0
52.0
38.0
38.0
38.0
51.0
51.0
51.0
46.0
46.0
46.0