38.0
38.0
38.0
46.0
46.0
46.0
31.0
31.0
31.0
30.0
30.0
30.0
36.0
36.0
36.0
30.0
30.0
30.0
31.0
31.0
31.0
32.0
32.0
32.0
46.0
46.0
46.0
46.0
46.0
46.0
39.0
39.0
39.0
38.0
38.0
38.0
37.0
37.0
37.0
36.0
36.0
36.0
40.0
40.0
40.0
34.0
34.0
34.0
30.0
30.0
30.0
34.0
34.0
34.0
33.0
33.0
33.0
32.0
32.0
32.0
32.0
32.0
32.0
31.0
31.0
31.0
30.0
30.0
30.0
38.0
38.0
38.0
36.0
36.0
36.0
30.0
30.0
30.0
31.0
31.0
31.0
29.0
29.0
29.0
32.0
32.0
32.0
31.0
31.0
31.0
32.0
32.0
32.0
31.0
31.0
31.0
31.0
31.0
31.0
30.0
30.0
30.0
45.0
45.0
45.0
29.0
29.0
29.0
38.0
38.0
38.0
45.0
45.0
45.0
44.0
44.0
44.0
41.0
41.0
41.0
33.0
33.0
33.0
33.0
33.0
33.0
44.0
44.0
44.0
31.0
31.0
31.0
31.0
31.0
31.0
35.0
35.0
35.0
36.0
36.0
36.0
38.0
38.0
38.0
29.0
29.0
29.0
36.0
36.0
36.0
39.0
39.0
39.0